100000 2000000
9500 80098
501 237771
918 542832
7290 347837
304 8499
1488 491937
9163 375407
4331 808443
3910 668092
2060 624881
1123 978961
4464 758946
8438 459511
764 14875
9859 679319
634 934248
8103 23684
2124 700315
6627 283724
5213 940592
8940 829338
4464 196269
913 300454
5476 329449
3522 396724
1081 954292
6662 460278
1941 733077
1944 940572
3961 570386
4038 446810
4022 165962
8286 196372
9128 532556
5166 126758
5984 859098
1073 486749
5767 518112
9498 174084
4433 414932
150 826262
7589 60297
8981 930194
344 364560
6981 369767
9023 385494
8485 611058
8524 410927
4009 942178
7036 574223
134 213532
141 977700
5605 335036
697 980023
1926 62041
303 563394
281 250573
5730 916572
6065 276930
147 849709
7126 261963
7425 189934
9982 421973
2055 398579
5069 999769
5307 958869
105 240063
1280 687927
7951 7702
4441 370181
7347 92563
8310 711441
2273 943485
5267 73616
1591 882081
1873 622776
6799 688350
2835 765402
8175 610624
114 13767
9171 320662
5160 206687
7303 380415
1732 715107
5942 428713
4985 290413
1264 938764
8259 862220
9495 320393
28 798744
2536 988263
1149 848163
9945 412070
8934 79865
1480 123164
3608 931476
1666 735604
790 989262
735 867265
9763 947522
4033 965204
2012 154155
365 126199
657 725761
7296 237059
4031 129412
4450 930763
2690 160504
395 228588
6175 439762
217 939289
3908 827811
3151 698620
4423 559064
3167 647403
1417 797098
903 446996
9815 263705
1192 726919
698 46875
5075 788240
9935 188616
7989 928192
2588 111752
8843 249854
4064 984436
8047 152374
8529 371144
8147 132239
1375 784143
7655 380417
481 969398
8127 628744
8954 754226
9889 812263
7785 295165
6025 658881
2400 299767
8654 641524
3365 540536
7680 179673
8987 374975
5114 544781
25 78482
6532 245296
2337 913154
8358 891275
5862 794156
6080 958816
1947 928775
3190 193692
586 646164
4727 837216
6532 680813
4398 414740
727 944064
2435 711431
2661 774112
3944 453140
1673 813474
8378 161904
1824 981800
1530 238394
2178 391295
5377 400889
2779 794452
2007 411209
3784 756614
294 100993
4014 502360
2594 321865
8624 999127
440 463390
2720 811156
5354 874674
827 473051
3690 386583
7070 240599
6339 947299
7585 78563
7241 422834
8573 112183
2417 771775
8668 683069
1642 898177
8786 690598
2107 543939
5992 694280
1208 315651
7775 654988
4350 764932
5673 647732
4477 400474
3712 982943
8623 915891
4989 543628
6639 200917
6966 207049
6486 618768
8820 187160
2957 950473
402 395408
3031 231723
124 869856
634 98394
3093 665341
1570 420775
7520 901742
4489 124978
6375 577447
3406 521918
9875 432380
9258 192812
9462 988458
6018 556452
9000 545280
2804 531088
8018 467612
4293 566218
4037 293781
8596 631477
9493 30757
6423 33302
7546 137926
9590 395307
967 689534
8031 957418
1516 761559
9105 260473
963 640294
5078 734902
837 659176
5128 244566
5443 552541
9556 516226
9216 277956
398 705041
9027 17080
7450 286251
4625 739332
8121 839716
5891 359210
4224 870936
9107 99930
7179 153830
2045 91001
4817 987558
6182 80774
8990 582809
666 407684
4195 122025
4680 378768
7134 373824
1104 41650
3771 836292
9314 344754
7883 419606
5406 512162
1681 975244
5749 883774
143 837697
1258 834350
3216 104983
1093 811292
8941 517019
8137 69679
4594 909343
1414 281865
5436 75656
944 937383
9289 268730
1670 629048
6498 102993
843 757395
753 322937
2427 664145
3460 119710
3563 733266
4389 789661
894 84695
6462 98406
1060 563588
655 990728
9127 572972
6766 93768
167 878641
1987 151096
777 98747
4550 314597
3964 112949
4334 654799
1377 534921
7298 633775
4772 219296
1084 289599
6923 760145
326 238086
2605 545069
3400 569538
7460 464957
7164 660820
774 277652
6440 893041
7031 554855
5325 240330
2645 59260
3320 775714
2833 792610
5198 576079
1687 467883
6758 734340
1591 311604
8045 165099
343 605365
8110 541392
6586 995605
4844 527334
2978 253830
3111 904655
3353 312122
8574 667032
8698 720292
9118 403067
1783 161921
7216 142159
8232 183012
2545 887357
670 371087
6234 297035
8086 71510
4063 366754
3956 821463
1638 568165
1948 547290
3631 943940
6859 190657
1328 791706
1227 338597
9550 6023 ...snip... 4
4013 738641
23 607880
1857 350703
5318 915219
8139 765185
5843 157698
3882 335097
4926 629147
6456 594972
4629 563654
6831 719275
2841 359467
9711 206889
5612 739855
9622 449093
4035 559317
5578 960373
824 498951
2178 901302
7720 801404
5106 691916
5755 206585
2888 346712
1267 527238
9370 318992
8041 361494
7956 238921
3831 985973
1512 307167
8130 743971
7113 292304
3747 186706
3359 281800
1121 823119
3061 357875
5278 707196
8243 855591
9433 991954
4054 59152
9247 687336
566 145773
1999 883906
2991 985909
5648 504022
2277 172750
4413 512097
676 661402
1397 65465
7618 725106
7599 480962
1440 781418
7513 914158
7999 976025
912 749547
5177 300049
8667 349826
2974 774697
4595 503710
1332 164923
2670 700129
2680 787138
1316 444011
4716 506099
887 777950
1503 1738
4513 209511
3964 561501
3762 959348
5610 442584
5216 537687
2516 44508
7448 718172
6553 59000
2427 23427
868 557814
3033 868581
747 877705
7810 359637
1356 291279
3936 887906
371 224283
6557 803356
9731 461689
3526 382915
6573 839208
2430 652245
7397 872978
6958 512426
2769 501989
9638 924714
9256 265396
3725 698046
4621 928742
7996 316202
2259 410786
7193 232904
8727 70864
4094 353756
2236 864378
7473 416596
4266 758124
3660 543757
3868 969045
4694 690861
4030 243104
7362 846441
5440 538505
3607 333997
6906 808744
9489 704572
2183 675071
2227 519297
1324 795435
6044 821925
213 863187
610 36808
2643 408882
5142 499260
598 90411
4550 653012
5972 52834
3660 843563
7324 426755
7745 375344
4579 953990
2074 575735
4748 714150
1510 774268
6284 608742
1946 58642
4298 354933
7611 320587
6820 784705
160 20398
5747 551460
4302 501642
237 990423
7939 885062
2445 371403
1203 47118
6660 410359
2362 894695
809 687040
5476 293356
5128 367067
3046 313416
3203 593868
7024 526310
2713 54839
3149 210456
8898 975882
5410 25805
2196 888103
1004 408041
925 515557
9910 354359
4421 138812
1100 448055
5712 915131
9832 96333
40 119955
2544 194890
2372 185419
5138 622978
7622 222262
7466 526916
7367 367539
2183 571652
9584 163106
4528 637699
6564 247331
2970 211243
5333 131421
7304 191915
5909 497267
4870 63450
7269 524660
6965 423563
7258 620895
8165 8449
5462 549285
9490 14413
9281 151450
8677 697076
886 641251
7090 248208
3690 970029
9560 970370
1579 260119
5033 918339
796 43507
5081 287565
5035 646478
3852 379171
8091 284918
2364 314491
1705 204226
6754 736077
9368 383849
4157 896390
8711 575685
2171 825977
2210 382798
7387 562469
7406 433815
9854 980014
7886 741290
1217 989337
1838 803922
2880 11296
731 930821
415 437286
3037 849561
2368 881941
4576 599258
4832 51775
3489 656657
7982 248462
4311 124686
1410 172783
8660 865186
734 285137
8951 972486
9659 469561
3107 909471
6838 46326
7267 245544
6238 951899
3830 741645
7685 527904
5271 786920
7353 249757
2653 265129
2558 791941
17 776872
3971 606872
3922 721122
744 115191
5095 705847
1991 644530
703 929089
8544 632432
5345 729153
9168 492642
6696 111698
8483 572527
9634 334340
84 158963
6686 368473
2592 694059
3702 16460
6568 62104
2351 121264
1092 681779
3262 283971
2822 639117
5622 259255
7259 273733
5001 819221
1041 475941
266 20157
1081 701407
3757 121099
421 579724
1521 131205
7026 824736
431 300251
5379 46375
4227 395347
2899 597466
4241 937087
7451 422088
484 300328
8393 532100
8517 66784
8732 921427
6562 976560
6581 328661
4156 589573
9354 774700
2900 633261
3446 212994
1110 38456
653 177083
3182 266197
4750 266253
72 950814
1701 696409
6116 661397
7016 304792
2687 260265
3104 623231
3150 966211
9027 902109
9247 758684
5799 163304
4717 209622
3539 418445
6447 37453
4725 852328
6168 601942
3701 233393
5561 244904
7542 769606
7773 158924
793 560862
7568 760668
2635 356157
8849 858981
6035 518874
7439 912960
3670 321826
9761 526204
159 661268
5127 596062
2271 640292
2947 539061
5433 590749
265 533990
4212 277705
1136 200026
1445 126160
204 41381
3000 61666
9858 383247
5576 607044
3262 581858
1598 398500
8252 350196
1761 106970
6642 106754
1219 821001
5175 224495
2013 426453
1998 925638
853 258216
4382 131030
1238 154823
5207 388946